0	4060	0	1000	0	1000	0	0
0	1	0	0				
0	2	200	1000				
0	3	400	0				
0	4	600	1000				
0	5	800	0				
20	1	0.225068051	200.2250681				
20	2	199.8472606	799.8472606				
20	3	400.4565328	200.4565328				
20	4	599.5763866	799.5763866				
20	5	800.0086354	200.0086354				
40	1	0.154188485	400.1541885				
40	2	200.1393096	600.1393096				
40	3	400.4923641	400.4923641				
40	4	599.3194345	599.3194345				
40	5	800.4633512	400.4633512				
60	1	0.486392115	600.4863921				
60	2	200.3764473	400.3764473				
60	3	400.3816704	600.3816704				
60	4	599.8119941	399.8119941				
60	5	800.3504804	600.3504804				
80	1	0.793933973	800.793934				
80	2	200.121891	200.121891				
80	3	400.5842655	800.5842655				
80	4	599.3335119	199.3335119				
80	5	800.3388686	800.3388686				
100	1	0.661327192	1000.661327				
100	2	199.8924071	-0.107592937				
100	3	400.9683235	1000.968324				
100	4	599.3522412	-0.647758845				
100	5	800.0623139	1000.062314				
120	1	201.1064867	1001.106487				
120	2	399.6072671	-0.392732899				
120	3	601.1317595	1001.13176				
120	4	799.2920929	-0.707907095				
120	5	1000.053592	1000.053592				
140	1	200.8135553	800.8135553				
140	2	399.8434882	199.8434882				
140	3	601.5500132	801.5500132				
140	4	799.262046	199.262046				
140	5	999.8671912	799.8671912				
160	1	201.1660132	601.1660132				
160	2	400.2003372	400.2003372				
160	3	601.9737932	601.9737932				
160	4	799.3206914	399.3206914				
160	5	1000.288628	600.2886277				
180	1	200.7219435	400.7219435				
180	2	400.4141238	600.4141238				
180	3	602.3972917	402.3972917				
180	4	799.1303364	599.1303364				
180	5	999.899397	399.899397				
200	1	200.571402	200.571402				
200	2	400.1354097	800.1354097				
200	3	602.6118218	202.6118218				
200	4	799.263729	799.263729				
200	5	1000.303007	200.3030068				
220	1	201.017832	1.017832003				
220	2	399.6417671	999.6417671				
220	3	602.5912561	2.59125612				
220	4	798.9438214	998.9438214				
220	5	1000.103674	0.10367393				
240	1	401.0198233	1.019823318				
240	2	600.110041	1000.110041				
240	3	802.0925178	2.092517753				
240	4	998.5017476	998.5017476				
240	5	799.9142859	-0.085714126				
260	1	400.8791301	200.8791301				
260	2	600.2447232	800.2447232				
260	3	801.6338849	201.6338849				
260	4	998.5243906	798.5243906				
260	5	800.1671006	200.1671006				
280	1	400.502607	400.502607				
280	2	600.4706314	600.4706314				
280	3	801.6287199	401.6287199				
280	4	998.9447767	598.9447767				
280	5	800.3320415	400.3320415				
300	1	400.681783	600.681783				
300	2	600.1053868	400.1053868				
300	3	802.119346	602.119346				
300	4	998.5953736	398.5953736				
300	5	800.642813	600.642813				
320	1	400.771198	800.771198				
320	2	599.7452799	199.7452799				
320	3	802.5419168	802.5419168				
320	4	998.2985174	198.2985174				
320	5	800.1923762	800.1923762				
340	1	401.2072568	1001.207257				
340	2	599.5860639	-0.413936067				
340	3	802.5429215	1002.542922				
340	4	998.6646058	-1.335394187				
340	5	800.4422417	1000.442242				
360	1	601.4627914	1001.462791				
360	2	799.4404683	-0.559531712				
360	3	1002.869646	1002.869646				
360	4	798.7244069	-1.275593102				
360	5	600.2614551	1000.261455				
380	1	601.5050611	801.5050611				
380	2	799.3725273	199.3725273				
380	3	1003.255043	803.2550434				
380	4	799.0468005	199.0468005				
380	5	600.3835082	800.3835082				
400	1	601.1656335	601.1656335				
400	2	798.9394429	398.9394429				
400	3	1003.631383	603.6313826				
400	4	799.158943	399.158943				
400	5	600.6619246	600.6619246				
420	1	601.5653517	401.5653517				
420	2	798.5112572	598.5112572				
420	3	1003.949443	403.9494433				
420	4	798.7903474	598.7903474				
420	5	600.8300971	400.8300971				
440	1	601.8101679	201.8101679				
440	2	798.3911613	798.3911613				
440	3	1003.508916	203.5089156				
440	4	798.3276893	798.3276893				
440	5	600.4182271	200.4182271				
460	1	602.1601593	2.160159286				
460	2	798.0583696	998.0583696				
460	3	1003.013043	3.013042688				
460	4	798.4612686	998.4612686				
460	5	600.2937039	0.293703926				
480	1	801.8684433	1.868443256				
480	2	997.8909585	997.8909585				
480	3	802.5894694	2.589469397				
480	4	598.7573532	998.7573532				
480	5	400.2498704	0.249870403				
500	1	801.8915819	201.8915819				
500	2	998.2437754	798.2437754				
500	3	802.1975993	202.1975993				
500	4	598.3672809	798.3672809				
500	5	400.6337124	200.6337124				
520	1	802.2304381	402.2304381				
520	2	998.0359556	598.0359556				
520	3	801.9901875	401.9901875				
520	4	598.200217	598.200217				
520	5	400.8456862	400.8456862				
540	1	802.0542634	602.0542634				
540	2	998.191846	398.191846				
540	3	801.8310124	601.8310124				
540	4	598.1299495	398.1299495				
540	5	400.3689851	600.3689851				
560	1	801.602078	801.602078				
560	2	997.9374024	197.9374024				
560	3	802.2888885	802.2888885				
560	4	597.9732525	197.9732525				
560	5	400.4991361	800.4991361				
580	1	801.6997181	1001.699718				
580	2	998.1323407	-1.867659298				
580	3	802.0122365	1002.012237				
580	4	597.8207315	-2.179268518				
580	5	400.2308563	1000.230856				
600	1	1002.168463	1002.168463				
600	2	798.5495002	-1.450499803				
600	3	602.2944379	1002.294438				
600	4	398.0165268	-1.983473232				
600	5	199.7760547	999.7760547				
620	1	1002.304561	802.3045608				
620	2	798.4138913	198.4138913				
620	3	602.1402221	802.1402221				
620	4	397.9473082	197.9473082				
620	5	199.9193957	799.9193957				
640	1	1001.997139	601.9971391				
640	2	798.5984877	398.5984877				
640	3	602.4038107	602.4038107				
640	4	397.7289771	397.7289771				
640	5	199.6147184	599.6147184				
660	1	1002.16891	402.1689103				
660	2	798.2755949	598.2755949				
660	3	602.1906081	402.1906081				
660	4	397.5128055	597.5128055				
660	5	199.3866833	399.3866833				
680	1	1002.123604	202.1236042				
680	2	798.3469293	798.3469293				
680	3	601.9744543	201.9744543				
680	4	397.2048401	797.2048401				
680	5	199.2477638	199.2477638				
700	1	1002.473198	2.473197675				
700	2	798.057128	998.057128				
700	3	602.3586811	2.358681122				
700	4	397.2851497	997.2851497				
700	5	198.9077539	-1.092246089				
720	1	802.8535666	2.853566551				
720	2	598.0304517	998.0304517				
720	3	402.4060392	2.406039224				
720	4	197.6865761	997.6865761				
720	5	-1.426974136	-1.426974136				
740	1	802.4801219	202.4801219				
740	2	597.8809755	797.8809755				
740	3	402.0865986	202.0865986				
740	4	198.1430718	798.1430718				
740	5	-1.121093871	198.8789061				
760	1	802.4325843	402.4325843				
760	2	598.1185109	598.1185109				
760	3	401.6514886	401.6514886				
760	4	198.0778458	598.0778458				
760	5	-0.667654949	399.3323451				
780	1	802.7964427	602.7964427				
780	2	597.7465944	397.7465944				
780	3	401.5626413	601.5626413				
780	4	198.2393085	398.2393085				
780	5	-0.631593166	599.3684068				
800	1	802.4786603	802.4786603				
800	2	597.895352	197.895352				
800	3	402.0444837	802.0444837				
800	4	198.0363274	198.0363274				
800	5	-0.753128077	799.2468719				
820	1	802.2397613	1002.239761				
820	2	597.7705334	-2.229466617				
820	3	401.9249395	1001.924939				
820	4	198.517912	-1.482088016				
820	5	-1.239916565	998.7600834				
840	1	601.9956049	1001.995605				
840	2	398.1986444	-1.801355559				
840	3	201.8109995	1001.811				
840	4	-1.356280996	-1.356280996				
840	5	198.9092977	998.9092977				
860	1	601.5435986	801.5435986				
860	2	397.8316428	197.8316428				
860	3	201.5680697	801.5680697				
860	4	-1.674916937	198.3250831				
860	5	199.2917268	799.2917268				
880	1	601.5191079	601.5191079				
880	2	397.5761242	397.5761242				
880	3	201.7546657	601.7546657				
880	4	-1.64381419	398.3561858				
880	5	199.7067045	599.7067045				
900	1	601.5429561	401.5429561				
900	2	397.1420684	597.1420684				
900	3	201.2774567	401.2774567				
900	4	-1.651323601	598.3486764				
900	5	200.0237045	400.0237045				
920	1	601.6421492	201.6421492				
920	2	397.0138304	797.0138304				
920	3	201.7260042	201.7260042				
920	4	-1.280333476	798.7196665				
920	5	199.7761156	199.7761156				
940	1	601.6442231	1.644223142				
940	2	396.5423679	996.5423679				
940	3	202.1968457	2.196845723				
940	4	-1.029071352	998.9709286				
940	5	199.7172938	-0.282706158				
960	1	401.5422825	1.542282502				
960	2	196.9883379	996.9883379				
960	3	1.972315134	1.972315134				
960	4	199.3434652	999.3434652				
960	5	399.2631961	-0.736803878				
980	1	401.8624596	201.8624596				
980	2	197.268536	797.268536				
980	3	1.647624027	201.647624				
980	4	199.6456824	799.6456824				
980	5	399.7176561	199.7176561				
1000	1	401.8313271	401.8313271				
1000	2	197.6926805	597.6926805				
1000	3	1.965528013	401.965528				
1000	4	200.1382768	600.1382768				
1000	5	399.9034172	399.9034172				
1020	1	401.3652192	601.3652192				
1020	2	197.4594256	397.4594256				
1020	3	2.460707826	602.4607078				
1020	4	199.6573352	399.6573352				
1020	5	400.0201402	600.0201402				
1040	1	401.2554638	801.2554638				
1040	2	197.8534088	197.8534088				
1040	3	2.467486553	802.4674866				
1040	4	199.5434286	199.5434286				
1040	5	400.0094804	800.0094804				
1060	1	401.1476455	1001.147646				
1060	2	197.7212235	-2.278776525				
1060	3	2.553438849	1002.553439				
1060	4	199.1573826	-0.842617414				
1060	5	399.7107827	999.7107827				
1080	1	201.0964969	1001.096497				
1080	2	-1.844525062	-1.844525062				
1080	3	202.3940972	1002.394097				
1080	4	399.1663921	-0.833607896				
1080	5	599.6920194	999.6920194				
1100	1	201.4767921	801.4767921				
1100	2	-1.550769852	198.4492301				
1100	3	202.7642577	802.7642577				
1100	4	398.8020298	198.8020298				
1100	5	599.7936825	799.7936825				
1120	1	201.7894514	601.7894514				
1120	2	-1.430857725	398.5691423				
1120	3	202.5301453	602.5301453				
1120	4	398.5468775	398.5468775				
1120	5	599.8084873	599.8084873				
1140	1	201.58357	401.58357				
1140	2	-1.217218001	598.782782				
1140	3	202.8067829	402.8067829				
1140	4	398.9019721	598.9019721				
1140	5	599.6416699	399.6416699				
1160	1	201.265868	201.265868				
1160	2	-1.233343713	798.7666563				
1160	3	203.1972243	203.1972243				
1160	4	398.6486679	798.6486679				
1160	5	599.8294041	199.8294041				
1180	1	201.3849156	1.384915599				
1180	2	-1.498260071	998.5017399				
1180	3	203.2241232	3.224123156				
1180	4	398.4672012	998.4672012				
1180	5	600.1721509	0.172150912				
1200	1	1.338492677	1.338492677				
1200	2	198.3019897	998.3019897				
1200	3	403.3664047	3.36640472				
1200	4	598.3196957	998.3196957				
1200	5	800.5430108	0.543010753				
1220	1	0.892044551	200.8920446				
1220	2	198.2022744	798.2022744				
1220	3	403.3546294	203.3546294				
1220	4	598.7049978	798.7049978				
1220	5	800.8002302	200.8002302				
1240	1	0.813500031	400.8135				
1240	2	197.7804485	597.7804485				
1240	3	402.985049	402.985049				
1240	4	598.5122217	598.5122217				
1240	5	801.0763424	401.0763424				
1260	1	0.974289445	600.9742894				
1260	2	197.568852	397.568852				
1260	3	403.0388895	603.0388895				
1260	4	598.8266961	398.8266961				
1260	5	801.1288692	601.1288692				
1280	1	0.612446997	800.612447				
1280	2	197.4578153	197.4578153				
1280	3	403.4998967	803.4998967				
1280	4	598.9359462	198.9359462				
1280	5	800.8576928	800.8576928				
1300	1	0.754476141	1000.754476				
1300	2	197.3447254	-2.65527455				
1300	3	403.470555	1003.470555				
1300	4	599.3527864	-0.647213623				
1300	5	800.7925394	1000.792539				
1320	1	200.7625281	1000.762528				
1320	2	397.7494522	-2.250547832				
1320	3	602.9760192	1002.976019				
1320	4	799.0264638	-0.973536204				
1320	5	1000.333909	1000.333909				
1340	1	201.0281883	801.0281883				
1340	2	397.7295829	197.7295829				
1340	3	603.0596787	803.0596787				
1340	4	799.1842607	199.1842607				
1340	5	999.925443	799.925443				
1360	1	200.769446	600.769446				
1360	2	397.6551784	397.6551784				
1360	3	602.7713964	602.7713964				
1360	4	799.1822249	399.1822249				
1360	5	1000.264854	600.2648536				
1380	1	200.6523963	400.6523963				
1380	2	397.5344731	597.5344731				
1380	3	602.2927865	402.2927865				
1380	4	799.3682227	599.3682227				
1380	5	1000.622805	400.6228053				
1400	1	200.5514082	200.5514082				
1400	2	397.8704733	797.8704733				
1400	3	602.1863468	202.1863468				
1400	4	799.3315227	799.3315227				
1400	5	1000.406906	200.4069065				
1420	1	200.2813941	0.281394086				
1420	2	397.6131825	997.6131825				
1420	3	602.1563457	2.156345743				
1420	4	799.0986501	999.0986501				
1420	5	1000.405266	0.405266353				
1440	1	400.4181374	0.418137376				
1440	2	598.0676925	998.0676925				
1440	3	802.2821775	2.282177458				
1440	4	998.7109745	998.7109745				
1440	5	800.7774746	0.777474557				
1460	1	400.1901215	200.1901215				
1460	2	597.891522	797.891522				
1460	3	801.958093	201.958093				
1460	4	999.095633	799.095633				
1460	5	801.2675641	201.2675641				
1480	1	400.0967222	400.0967222				
1480	2	598.1857299	598.1857299				
1480	3	802.3291701	402.3291701				
1480	4	999.2471744	599.2471744				
1480	5	801.0357383	401.0357383				
1500	1	400.1277392	600.1277392				
1500	2	597.8706708	397.8706708				
1500	3	802.4644714	602.4644714				
1500	4	999.7268218	399.7268218				
1500	5	800.6578827	600.6578827				
1520	1	400.4054024	800.4054024				
1520	2	597.5508914	197.5508914				
1520	3	802.8086821	802.8086821				
1520	4	999.9075246	199.9075246				
1520	5	800.813606	800.813606				
1540	1	400.5241976	1000.524198				
1540	2	597.6515269	-2.348473083				
1540	3	803.1250752	1003.125075				
1540	4	999.6919675	-0.308032484				
1540	5	801.22946	1001.22946				
1560	1	600.4967055	1000.496706				
1560	2	797.757817	-2.242183002				
1560	3	1003.572093	1003.572093				
1560	4	799.6564021	-0.343597882				
1560	5	601.1328637	1001.132864				
1580	1	600.8700383	800.8700383				
1580	2	797.5114225	197.5114225				
1580	3	1003.686109	803.6861087				
1580	4	799.670397	199.670397				
1580	5	601.1542104	801.1542104				
1600	1	600.7291999	600.7291999				
1600	2	797.2514493	397.2514493				
1600	3	1003.702933	603.7029325				
1600	4	799.4734339	399.4734339				
1600	5	600.8296287	600.8296287				
1620	1	600.7880941	400.7880941				
1620	2	797.0691161	597.0691161				
1620	3	1003.540979	403.5409794				
1620	4	799.6320077	599.6320077				
1620	5	601.2662537	401.2662537				
1640	1	601.0643815	201.0643815				
1640	2	797.3276716	797.3276716				
1640	3	1003.222337	203.2223369				
1640	4	799.7591333	799.7591333				
1640	5	601.0989711	201.0989711				
1660	1	601.2042562	1.204256218				
1660	2	797.6637469	997.6637469				
1660	3	1003.533342	3.533341803				
1660	4	800.0031116	1000.003112				
1660	5	600.8306552	0.830655221				
1680	1	801.5395688	1.539568796				
1680	2	997.4393924	997.4393924				
1680	3	803.8991049	3.899104853				
1680	4	599.848763	999.848763				
1680	5	400.3654566	0.365456612				
1700	1	801.3816428	201.3816428				
1700	2	997.3365203	797.3365203				
1700	3	803.6262926	203.6262926				
1700	4	600.0297816	800.0297816				
1700	5	400.4875127	200.4875127				
1720	1	801.2295876	401.2295876				
1720	2	997.4881215	597.4881215				
1720	3	803.5940318	403.5940318				
1720	4	599.7840136	599.7840136				
1720	5	400.0063816	400.0063816				
1740	1	801.3718673	601.3718673				
1740	2	997.1933534	397.1933534				
1740	3	804.0028121	604.0028121				
1740	4	599.8133276	399.8133276				
1740	5	400.1068592	600.1068592				
1760	1	801.3926027	801.3926027				
1760	2	997.2562636	197.2562636				
1760	3	803.6760839	803.6760839				
1760	4	600.1813591	200.1813591				
1760	5	400.1452457	800.1452457				
1780	1	801.8070063	1001.807006				
1780	2	997.4575196	-2.54248036				
1780	3	804.1445364	1004.144536				
1780	4	600.2540217	0.254021727				
1780	5	400.4560469	1000.456047				
1800	1	1001.460351	1001.460351				
1800	2	797.2043159	-2.795684085				
1800	3	604.4888657	1004.488866				
1800	4	400.2678312	0.267831241				
1800	5	200.3428951	1000.342895				
1820	1	1001.790039	801.7900394				
1820	2	797.0725503	197.0725503				
1820	3	604.8795608	804.8795608				
1820	4	400.7383612	200.7383612				
1820	5	200.677395	800.677395				
1840	1	1001.877789	601.8777889				
1840	2	797.4327561	397.4327561				
1840	3	604.5389257	604.5389257				
1840	4	400.7278694	400.7278694				
1840	5	200.1823939	600.1823939				
1860	1	1001.688021	401.6880209				
1860	2	797.7041231	597.7041231				
1860	3	604.4812918	404.4812918				
1860	4	400.8514704	600.8514704				
1860	5	200.015462	400.015462				
1880	1	1001.274955	201.274955				
1880	2	797.2283598	797.2283598				
1880	3	604.5077562	204.5077562				
1880	4	401.3188237	801.3188237				
1880	5	200.1495391	200.1495391				
1900	1	1000.777137	0.777137322				
1900	2	797.3216042	997.3216042				
1900	3	604.4424219	4.442421863				
1900	4	401.543353	1001.543353				
1900	5	200.5158446	0.515844566				
1920	1	800.8294802	0.829480188				
1920	2	596.9160295	996.9160295				
1920	3	404.8942527	4.89425266				
1920	4	201.3112687	1001.311269				
1920	5	0.835286957	0.835286957				
1940	1	800.3377534	200.3377534				
1940	2	597.3608212	797.3608212				
1940	3	405.3590121	205.3590121				
1940	4	201.3141994	801.3141994				
1940	5	0.558982869	200.5589829				
1960	1	799.8588988	399.8588988				
1960	2	597.0338635	597.0338635				
1960	3	405.359715	405.359715				
1960	4	200.9582927	600.9582927				
1960	5	0.346871462	400.3468715				
1980	1	799.6835832	599.6835832				
1980	2	597.0566039	397.0566039				
1980	3	405.724352	605.724352				
1980	4	200.9911167	400.9911167				
1980	5	0.783487503	600.7834875				
2000	1	799.1847055	799.1847055				
2000	2	597.5246279	197.5246279				
2000	3	405.7265577	805.7265577				
2000	4	201.1845079	201.1845079				
2000	5	0.295377312	800.2953773				
2020	1	799.4965937	999.4965937				
2020	2	597.096377	-2.903623029				
2020	3	405.2613314	1005.261331				
2020	4	201.5312802	1.531280175				
2020	5	0.517454636	1000.517455				
2040	1	599.4242992	999.4242992				
2040	2	397.3201759	-2.679824059				
2040	3	205.3164825	1005.316482				
2040	4	1.785141859	1.785141859				
2040	5	200.6472772	1000.647277				
2060	1	599.1292753	799.1292753				
2060	2	397.4461738	197.4461738				
2060	3	204.996476	804.996476				
2060	4	1.798134041	201.798134				
2060	5	200.4155211	800.4155211				
2080	1	599.479026	599.479026				
2080	2	397.8356226	397.8356226				
2080	3	204.8718311	604.8718311				
2080	4	1.87652504	401.876525				
2080	5	200.3543598	600.3543598				
2100	1	599.0351107	399.0351107				
2100	2	397.4954398	597.4954398				
2100	3	204.9213489	404.9213489				
2100	4	1.844439627	601.8444396				
2100	5	200.691317	400.691317				
2120	1	599.1506646	199.1506646				
2120	2	397.7081243	797.7081243				
2120	3	205.0194807	205.0194807				
2120	4	2.336333932	802.3363339				
2120	5	200.6962428	200.6962428				
2140	1	599.072468	-0.927532032				
2140	2	398.0463655	998.0463655				
2140	3	204.7127942	4.712794217				
2140	4	2.575122583	1002.575123				
2140	5	200.55797	0.557969965				
2160	1	399.511334	-0.488665951				
2160	2	197.7164907	997.7164907				
2160	3	5.176722362	5.176722362				
2160	4	202.6996887	1002.699689				
2160	5	401.0046859	1.004685896				
2180	1	399.2119935	199.2119935				
2180	2	197.2890273	797.2890273				
2180	3	5.199281943	205.1992819				
2180	4	202.5653644	802.5653644				
2180	5	400.5409093	200.5409093				
2200	1	399.0428334	399.0428334				
2200	2	196.8896959	596.8896959				
2200	3	5.271830738	405.2718307				
2200	4	202.7240836	602.7240836				
2200	5	400.8371127	400.8371127				
2220	1	399.2408837	599.2408837				
2220	2	196.9501536	396.9501536				
2220	3	4.900961953	604.900962				
2220	4	202.2656685	402.2656685				
2220	5	400.5266959	600.5266959				
2240	1	399.5878698	799.5878698				
2240	2	196.9190922	196.9190922				
2240	3	5.004232107	805.0042321				
2240	4	202.0031371	202.0031371				
2240	5	400.9825996	800.9825996				
2260	1	399.1415612	999.1415612				
2260	2	196.9432412	-3.056758814				
2260	3	4.578476335	1004.578476				
2260	4	202.3208522	2.32085222				
2260	5	401.2361361	1001.236136				
2280	1	198.9384154	998.9384154				
2280	2	-3.321720896	-3.321720896				
2280	3	204.1255066	1004.125507				
2280	4	402.4007577	2.400757657				
2280	5	601.1674304	1001.16743				
2300	1	198.575926	798.575926				
2300	2	-2.965531395	197.0344686				
2300	3	203.92299	803.92299				
2300	4	402.8341994	202.8341994				
2300	5	601.5871585	801.5871585				
2320	1	198.8528149	598.8528149				
2320	2	-2.750201271	397.2497987				
2320	3	204.0776439	604.0776439				
2320	4	403.2452019	403.2452019				
2320	5	601.9313346	601.9313346				
2340	1	199.0173967	399.0173967				
2340	2	-2.850148868	597.1498511				
2340	3	203.5929874	403.5929874				
2340	4	403.2112869	603.2112869				
2340	5	602.2932407	402.2932407				
2360	1	199.3876693	199.3876693				
2360	2	-2.386042775	797.6139572				
2360	3	203.6582942	203.6582942				
2360	4	403.0293967	803.0293967				
2360	5	601.793298	201.793298				
2380	1	198.9921388	-1.007861174				
2380	2	-2.825249022	997.174751				
2380	3	203.3548777	3.354877676				
2380	4	402.7811131	1002.781113				
2380	5	601.6806444	1.680644414				
2400	1	-1.386419439	-1.386419439				
2400	2	196.7524912	996.7524912				
2400	3	403.4950101	3.4950101				
2400	4	602.7541688	1002.754169				
2400	5	801.5685093	1.568509276				
2420	1	-1.314683007	198.685317				
2420	2	196.3453168	796.3453168				
2420	3	403.9683493	203.9683493				
2420	4	602.4075272	802.4075272				
2420	5	801.9579261	201.9579261				
2440	1	-1.49046372	398.5095363				
2440	2	196.1834287	596.1834287				
2440	3	404.293549	404.293549				
2440	4	602.6601951	602.6601951				
2440	5	801.6823853	401.6823853				
2460	1	-1.297112146	598.7028879				
2460	2	196.2019973	396.2019973				
2460	3	404.6606151	604.6606151				
2460	4	602.5841248	402.5841248				
2460	5	801.3711244	601.3711244				
2480	1	-1.164799132	798.8352009				
2480	2	196.6805477	196.6805477				
2480	3	404.5858239	804.5858239				
2480	4	602.502044	202.502044				
2480	5	801.0315377	801.0315377				
2500	1	-1.256220029	998.74378				
2500	2	196.866501	-3.133498955				
2500	3	404.7940238	1004.794024				
2500	4	602.1350124	2.135012367				
2500	5	801.2453931	1001.245393				
2520	1	198.3328601	998.3328601				
2520	2	397.2145448	-2.785455217				
2520	3	604.8323562	1004.832356				
2520	4	802.5150344	2.515034414				
2520	5	1001.334015	1001.334015				
2540	1	198.2290067	798.2290067				
2540	2	396.7448078	196.7448078				
2540	3	604.3517438	804.3517438				
2540	4	802.4770934	202.4770934				
2540	5	1001.741809	801.7418093				
2560	1	198.1026157	598.1026157				
2560	2	396.8941864	396.8941864				
2560	3	604.8015523	604.8015523				
2560	4	802.3018426	402.3018426				
2560	5	1001.60131	601.6013102				
2580	1	198.2023622	398.2023622				
2580	2	396.9374062	596.9374062				
2580	3	604.6271711	404.6271711				
2580	4	802.5334902	602.5334902				
2580	5	1001.982126	401.9821263				
2600	1	198.0366987	198.0366987				
2600	2	396.4749565	796.4749565				
2600	3	604.7536012	204.7536012				
2600	4	802.9550162	802.9550162				
2600	5	1002.098048	202.098048				
2620	1	197.9664207	-2.033579323				
2620	2	396.0370705	996.0370705				
2620	3	604.3217775	4.321777501				
2620	4	802.6386747	1002.638675				
2620	5	1002.58433	2.584329781				
2640	1	397.9401764	-2.059823611				
2640	2	595.7476923	995.7476923				
2640	3	804.5768514	4.576851381				
2640	4	1002.868788	1002.868788				
2640	5	802.6975961	2.697596061				
2660	1	397.4715507	197.4715507				
2660	2	595.6530209	795.6530209				
2660	3	804.5759469	204.5759469				
2660	4	1003.02882	803.0288198				
2660	5	803.0164868	203.0164868				
2680	1	397.5799122	397.5799122				
2680	2	595.7364681	595.7364681				
2680	3	804.1198215	404.1198215				
2680	4	1002.881664	602.8816642				
2680	5	803.4953871	403.4953871				
2700	1	397.2052395	597.2052395				
2700	2	595.5140782	395.5140782				
2700	3	804.3160665	604.3160665				
2700	4	1002.560663	402.5606634				
2700	5	803.5625597	603.5625597				
2720	1	397.6709125	797.6709125				
2720	2	595.4866957	195.4866957				
2720	3	804.3583954	804.3583954				
2720	4	1002.494716	202.4947159				
2720	5	803.3727261	803.3727261				
2740	1	397.2402876	997.2402876				
2740	2	595.6633554	-4.336644587				
2740	3	804.0017308	1004.001731				
2740	4	1002.329082	2.329082362				
2740	5	803.4075453	1003.407545				
2760	1	597.3735345	997.3735345				
2760	2	795.2659857	-4.734014327				
2760	3	1004.015675	1004.015675				
2760	4	802.476256	2.476256016				
2760	5	603.3944313	1003.394431				
2780	1	597.1667332	797.1667332				
2780	2	795.3506515	195.3506515				
2780	3	1004.041165	804.0411647				
2780	4	802.3546356	202.3546356				
2780	5	603.5926655	803.5926655				
2800	1	597.1719264	597.1719264				
2800	2	795.6654158	395.6654158				
2800	3	1003.600344	603.6003437				
2800	4	802.7246949	402.7246949				
2800	5	603.121541	603.121541				
2820	1	597.1829037	397.1829037				
2820	2	795.4119638	595.4119638				
2820	3	1003.315582	403.3155818				
2820	4	803.0068033	603.0068033				
2820	5	603.2993262	403.2993262				
2840	1	597.0645545	197.0645545				
2840	2	795.7252547	795.7252547				
2840	3	1003.017376	203.0173761				
2840	4	802.8660173	802.8660173				
2840	5	602.9084983	202.9084983				
2860	1	597.2583304	-2.741669624				
2860	2	796.2045519	996.2045519				
2860	3	1002.636068	2.636067797				
2860	4	802.6160503	1002.61605				
2860	5	603.2972677	3.297267729				
2880	1	797.6453674	-2.354632556				
2880	2	996.2122131	996.2122131				
2880	3	802.2741962	2.274196158				
2880	4	603.0298142	1003.029814				
2880	5	403.0312614	3.031261373				
2900	1	797.5424575	197.5424575				
2900	2	996.030146	796.030146				
2900	3	802.4346989	202.4346989				
2900	4	602.6771191	802.6771191				
2900	5	402.6009265	202.6009265				
2920	1	797.7863519	397.7863519				
2920	2	996.0669224	596.0669224				
2920	3	802.8897192	402.8897192				
2920	4	602.2962061	602.2962061				
2920	5	403.0905629	403.0905629				
2940	1	797.3293232	597.3293232				
2940	2	995.8092562	395.8092562				
2940	3	802.6169126	602.6169126				
2940	4	602.4711266	402.4711266				
2940	5	402.6334837	602.6334837				
2960	1	797.1242924	797.1242924				
2960	2	995.8166113	195.8166113				
2960	3	803.0501609	803.0501609				
2960	4	602.8764141	202.8764141				
2960	5	402.9678205	802.9678205				
2980	1	797.2600921	997.2600921				
2980	2	996.0374049	-3.962595056				
2980	3	802.8085511	1002.808551				
2980	4	602.7089095	2.708909455				
2980	5	403.0256567	1003.025657				
3000	1	997.5861835	997.5861835				
3000	2	796.3461412	-3.653858849				
3000	3	602.4884782	1002.488478				
3000	4	402.403059	2.403058983				
3000	5	202.954443	1002.954443				
3020	1	997.2883247	797.2883247				
3020	2	796.0523257	196.0523257				
3020	3	602.8343629	802.8343629				
3020	4	402.5024692	202.5024692				
3020	5	203.4436523	803.4436523				
3040	1	997.372386	597.372386				
3040	2	795.7939178	395.7939178				
3040	3	603.0787948	603.0787948				
3040	4	402.6706163	402.6706163				
3040	5	203.8660612	603.8660612				
3060	1	997.2830685	397.2830685				
3060	2	795.6832819	595.6832819				
3060	3	603.2613836	403.2613836				
3060	4	402.91653	602.91653				
3060	5	203.7418969	403.7418969				
3080	1	997.6482225	197.6482225				
3080	2	795.4480495	795.4480495				
3080	3	603.6930744	203.6930744				
3080	4	403.0147939	803.0147939				
3080	5	203.5827022	203.5827022				
3100	1	997.5522987	-2.447701313				
3100	2	795.4882806	995.4882806				
3100	3	603.3336742	3.333674233				
3100	4	403.4909644	1003.490964				
3100	5	203.7468888	3.746888754				
3120	1	797.8676925	-2.132307512				
3120	2	595.3967104	995.3967104				
3120	3	403.3550896	3.355089615				
3120	4	203.0700564	1003.070056				
3120	5	3.493343138	3.493343138				
3140	1	798.1126574	198.1126574				
3140	2	595.1279683	795.1279683				
3140	3	403.6379115	203.6379115				
3140	4	203.1147746	803.1147746				
3140	5	3.93379705	203.9337971				
3160	1	797.8480435	397.8480435				
3160	2	595.2731036	595.2731036				
3160	3	403.4910001	403.4910001				
3160	4	203.1791164	603.1791164				
3160	5	3.474403466	403.4744035				
3180	1	797.8235842	597.8235842				
3180	2	594.9128017	394.9128017				
3180	3	403.3496073	603.3496073				
3180	4	203.0229834	403.0229834				
3180	5	3.019927304	603.0199273				
3200	1	798.0926516	798.0926516				
3200	2	594.5333713	194.5333713				
3200	3	402.893499	802.893499				
3200	4	203.2347977	203.2347977				
3200	5	3.106034643	803.1060346				
3220	1	797.8375671	997.8375671				
3220	2	594.0700014	-5.92999859				
3220	3	403.0498081	1003.049808				
3220	4	203.2377002	3.237700218				
3220	5	2.654120283	1002.65412				
3240	1	598.0156259	998.0156259				
3240	2	394.2121752	-5.787824753				
3240	3	202.8784771	1002.878477				
3240	4	2.989553389	2.989553389				
3240	5	202.1633754	1002.163375				
3260	1	598.2636588	798.2636588				
3260	2	394.0897764	194.0897764				
3260	3	202.55088	802.55088				
3260	4	2.909589611	202.9095896				
3260	5	202.6182208	802.6182208				
3280	1	598.074379	598.074379				
3280	2	394.1278102	394.1278102				
3280	3	202.2404812	602.2404812				
3280	4	2.870201843	402.8702018				
3280	5	203.0328655	603.0328655				
3300	1	597.6014764	397.6014764				
3300	2	394.5485023	594.5485023				
3300	3	202.0278451	402.0278451				
3300	4	2.642675511	602.6426755				
3300	5	202.7610433	402.7610433				
3320	1	597.7245502	197.7245502				
3320	2	394.4699051	794.4699051				
3320	3	202.5029995	202.5029995				
3320	4	2.421664997	802.421665				
3320	5	203.1110699	203.1110699				
3340	1	597.8754536	-2.124546448				
3340	2	394.410765	994.410765				
3340	3	202.1989841	2.198984091				
3340	4	2.440595631	1002.440596				
3340	5	202.916695	2.916694979				
3360	1	397.6888494	-2.311150598				
3360	2	193.9845373	993.9845373				
3360	3	2.681604891	2.681604891				
3360	4	202.0221903	1002.02219				
3360	5	402.9693241	2.969324092				
3380	1	397.7744716	197.7744716				
3380	2	193.9907503	793.9907503				
3380	3	2.41740151	202.4174015				
3380	4	201.6694457	801.6694457				
3380	5	402.5366906	202.5366906				
3400	1	397.6769001	397.6769001				
3400	2	193.8516689	593.8516689				
3400	3	2.198749724	402.1987497				
3400	4	201.3525165	601.3525165				
3400	5	402.9416357	402.9416357				
3420	1	397.285519	597.285519				
3420	2	193.4658613	393.4658613				
3420	3	2.007512928	602.0075129				
3420	4	201.2248039	401.2248039				
3420	5	403.1767613	603.1767613				
3440	1	397.369959	797.369959				
3440	2	192.9819878	192.9819878				
3440	3	2.177686576	802.1776866				
3440	4	201.4097854	201.4097854				
3440	5	403.043781	803.043781				
3460	1	397.7011964	997.7011964				
3460	2	193.4605826	-6.539417442				
3460	3	2.330266398	1002.330266				
3460	4	200.9337876	0.933787608				
3460	5	402.5945393	1002.594539				
3480	1	197.3672945	997.3672945				
3480	2	-6.881409295	-6.881409295				
3480	3	202.042844	1002.042844				
3480	4	400.7879717	0.787971673				
3480	5	602.2818692	1002.281869				
3500	1	197.3476928	797.3476928				
3500	2	-7.302053415	192.6979466				
3500	3	202.1946736	802.1946736				
3500	4	400.740515	200.740515				
3500	5	602.1972261	802.1972261				
3520	1	197.778447	597.778447				
3520	2	-7.358771032	392.641229				
3520	3	202.4724781	602.4724781				
3520	4	400.354466	400.354466				
3520	5	602.4789222	602.4789222				
3540	1	197.296692	397.296692				
3540	2	-7.190494128	592.8095059				
3540	3	202.243023	402.243023				
3540	4	400.5418351	600.5418351				
3540	5	602.7744151	402.7744151				
3560	1	197.2396203	197.2396203				
3560	2	-7.075595146	792.9244049				
3560	3	202.3734168	202.3734168				
3560	4	400.42663	800.42663				
3560	5	602.5553382	202.5553382				
3580	1	197.3637088	-2.636291229				
3580	2	-7.006065599	992.9939344				
3580	3	202.7450099	2.745009902				
3580	4	400.1306872	1000.130687				
3580	5	602.2224079	2.222407932				
3600	1	-2.20872904	-2.20872904				
3600	2	192.9911241	992.9911241				
3600	3	402.7934927	2.79349271				
3600	4	600.2024015	1000.202402				
3600	5	801.9504796	1.950479642				
3620	1	-2.002522086	197.9974779				
3620	2	193.4724681	793.4724681				
3620	3	402.465104	202.465104				
3620	4	600.139102	800.139102				
3620	5	802.4178553	202.4178553				
3640	1	-2.334373728	397.6656263				
3640	2	193.8938252	593.8938252				
3640	3	402.3670587	402.3670587				
3640	4	600.4354219	600.4354219				
3640	5	802.4544778	402.4544778				
3660	1	-1.896337754	598.1036622				
3660	2	193.5731254	393.5731254				
3660	3	402.5360065	602.5360065				
3660	4	600.3773902	400.3773902				
3660	5	802.2812336	602.2812336				
3680	1	-2.061388672	797.9386113				
3680	2	193.3741634	193.3741634				
3680	3	402.1756663	802.1756663				
3680	4	600.1852572	200.1852572				
3680	5	802.7161644	802.7161644				
3700	1	-2.28602079	997.7139792				
3700	2	193.0873461	-6.912653928				
3700	3	402.3768571	1002.376857				
3700	4	600.2180555	0.218055503				
3700	5	802.9402812	1002.940281				
3720	1	197.9208654	997.9208654				
3720	2	392.6460144	-7.353985629				
3720	3	602.1569152	1002.156915				
3720	4	800.276132	0.276132018				
3720	5	1002.603755	1002.603755				
3740	1	198.1684577	798.1684577				
3740	2	392.5843192	192.5843192				
3740	3	601.6719679	801.6719679				
3740	4	800.1716417	200.1716417				
3740	5	1002.700096	802.7000956				
3760	1	197.9219401	597.9219401				
3760	2	392.5218107	392.5218107				
3760	3	601.9446961	601.9446961				
3760	4	800.5897795	400.5897795				
3760	5	1002.723829	602.7238285				
3780	1	197.8074738	397.8074738				
3780	2	392.274359	592.274359				
3780	3	601.7399396	401.7399396				
3780	4	800.6672828	600.6672828				
3780	5	1002.443513	402.443513				
3800	1	197.3577108	197.3577108				
3800	2	391.8122825	791.8122825				
3800	3	601.434991	201.434991				
3800	4	800.1800273	800.1800273				
3800	5	1002.018026	202.0180262				
3820	1	197.6897265	-2.310273473				
3820	2	391.6681288	991.6681288				
3820	3	601.7674997	1.767499718				
3820	4	800.2725599	1000.27256				
3820	5	1002.356673	2.356673238				
3840	1	398.0938526	-1.90614737				
3840	2	591.883694	991.883694				
3840	3	801.2757741	1.275774066				
3840	4	1000.459255	1000.459255				
3840	5	802.8384779	2.838477916				
3860	1	397.8622165	197.8622165				
3860	2	591.4248241	791.4248241				
3860	3	801.0758014	201.0758014				
3860	4	1000.060372	800.0603724				
3860	5	802.9768853	202.9768853				
3880	1	398.1056777	398.1056777				
3880	2	591.2221609	591.2221609				
3880	3	800.7981686	400.7981686				
3880	4	999.7862639	599.7862639				
3880	5	803.3493555	403.3493555				
3900	1	397.87999	597.87999				
3900	2	590.7422902	390.7422902				
3900	3	800.3485308	600.3485308				
3900	4	999.3842081	399.3842081				
3900	5	803.377236	603.377236				
3920	1	398.3302398	798.3302398				
3920	2	590.9626759	190.9626759				
3920	3	800.2726852	800.2726852				
3920	4	999.8138297	199.8138297				
3920	5	802.9666291	802.9666291				
3940	1	398.5162453	998.5162453				
3940	2	591.1829487	-8.817051256				
3940	3	800.3393062	1000.339306				
3940	4	1000.12073	0.120729639				
3940	5	802.7658616	1002.765862				
3960	1	598.3166949	998.3166949				
3960	2	791.2996702	-8.700329799				
3960	3	1000.466589	1000.466589				
3960	4	799.7344408	-0.265559209				
3960	5	602.6367829	1002.636783				
3980	1	598.6828042	798.6828042				
3980	2	791.2874947	191.2874947				
3980	3	1000.420528	800.4205281				
3980	4	799.3461671	199.3461671				
3980	5	602.8465353	802.8465353				
4000	1	599.0931254	599.0931254				
4000	2	790.9146104	390.9146104				
4000	3	1000.241873	600.2418734				
4000	4	799.3422796	399.3422796				
4000	5	602.9098491	602.9098491				
4020	1	599.08798	399.08798				
4020	2	790.8199646	590.8199646				
4020	3	1000.340805	400.3408054				
4020	4	798.9186436	598.9186436				
4020	5	603.3675418	403.3675418				
4040	1	599.23304	199.23304				
4040	2	790.8642988	790.8642988				
4040	3	1000.038973	200.0389734				
4040	4	798.4275361	798.4275361				
4040	5	603.6746174	203.6746174				
4060	1	599.0955637	-0.904436341				
4060	2	790.3805836	990.3805836				
4060	3	999.7367253	-0.26327465				
4060	4	798.3078654	998.3078654				
4060	5	604.1473365	4.147336539				
4080	1	798.82905	-1.170949985				
4080	2	990.3281322	990.3281322				
4080	3	799.6100586	-0.389941422				
4080	4	598.1624454	998.1624454				
4080	5	404.1133738	4.113373796				
4100	1	799.264975	199.264975				
4100	2	990.2088463	790.2088463				
4100	3	799.8212625	199.8212625				
4100	4	598.5001851	798.5001851				
4100	5	404.3063594	204.3063594				
4120	1	799.6653104	399.6653104				
4120	2	989.8652672	589.8652672				
4120	3	799.6580102	399.6580102				
4120	4	598.2406529	598.2406529				
4120	5	404.4104968	404.4104968				
4140	1	799.6643333	599.6643333				
4140	2	989.4823337	389.4823337				
4140	3	799.9928882	599.9928882				
4140	4	598.1439902	398.1439902				
4140	5	404.2879989	604.2879989				
4160	1	799.184486	799.184486				
4160	2	989.1110033	189.1110033				
4160	3	800.4596239	800.4596239				
4160	4	598.41232	198.41232				
4160	5	404.4654804	804.4654804				
4180	1	799.2209903	999.2209903				
4180	2	989.2031664	-10.79683363				
4180	3	799.9876653	999.9876653				
4180	4	598.6342575	-1.365742519				
4180	5	404.8634764	1004.863476				
4200	1	999.2884122	999.2884122				
4200	2	788.8031651	-11.19683494				
4200	3	599.8947233	999.8947233				
4200	4	398.732811	-1.26718899				
4200	5	204.5258579	1004.525858				
4220	1	998.9163099	798.9163099				
4220	2	789.026955	189.026955				
4220	3	599.5066075	799.5066075				
4220	4	398.3095817	198.3095817				
4220	5	204.0914055	804.0914055				
4240	1	998.9546288	598.9546288				
4240	2	789.4331217	389.4331217				
4240	3	599.1710397	599.1710397				
4240	4	398.5881861	398.5881861				
4240	5	204.0141564	604.0141564				
4260	1	999.1176062	399.1176062				
4260	2	789.0332728	589.0332728				
4260	3	599.2302624	399.2302624				
4260	4	398.758596	598.758596				
4260	5	204.3754021	404.3754021				
4280	1	998.9005405	198.9005405				
4280	2	788.6636881	788.6636881				
4280	3	599.6655893	199.6655893				
4280	4	399.1520634	799.1520634				
4280	5	204.5263875	204.5263875				
4300	1	999.1358594	-0.864140627				
4300	2	789.1504097	989.1504097				
4300	3	599.8604034	-0.139596625				
4300	4	398.7985211	998.7985211				
4300	5	204.3550054	4.355005372				
4320	1	799.3436902	-0.656309822				
4320	2	589.0534926	989.0534926				
4320	3	399.644377	-0.355622951				
4320	4	198.759502	998.759502				
4320	5	4.71289093	4.71289093				
4340	1	799.579714	199.579714				
4340	2	588.8572725	788.8572725				
4340	3	400.0329266	200.0329266				
4340	4	198.3576329	798.3576329				
4340	5	4.237725795	204.2377258				
4360	1	799.4485114	399.4485114				
4360	2	588.4867733	588.4867733				
4360	3	399.6161355	399.6161355				
4360	4	198.1900079	598.1900079				
4360	5	4.64891687	404.6489169				
4380	1	799.7263686	599.7263686				
4380	2	588.4779445	388.4779445				
4380	3	399.1604917	599.1604917				
4380	4	198.3814375	398.3814375				
4380	5	5.039919418	605.0399194				
4400	1	799.5387357	799.5387357				
4400	2	588.463458	188.463458				
4400	3	399.5724846	799.5724846				
4400	4	198.0366173	198.0366173				
4400	5	5.537994783	805.5379948				
4420	1	799.8564906	999.8564906				
4420	2	588.906134	-11.09386603				
4420	3	400.0117674	1000.011767				
4420	4	198.294448	-1.705551995				
4420	5	5.495013538	1005.495014				
4440	1	599.5589176	999.5589176				
4440	2	389.0065792	-10.99342076				
4440	3	199.6849149	999.6849149				
4440	4	-1.582030493	-1.582030493				
4440	5	205.1615809	1005.161581				
4460	1	599.154542	799.154542				
4460	2	388.6651107	188.6651107				
4460	3	199.5142505	799.5142505				
4460	4	-1.595933091	198.4040669				
4460	5	204.7071456	804.7071456				
4480	1	598.9190353	598.9190353				
4480	2	388.4171956	388.4171956				
4480	3	199.8119595	599.8119595				
4480	4	-1.694610457	398.3053895				
4480	5	204.9003716	604.9003716				
4500	1	598.5907175	398.5907175				
4500	2	388.4842145	588.4842145				
4500	3	199.3823115	399.3823115				
4500	4	-2.099990251	597.9000097				
4500	5	205.2198751	405.2198751				
4520	1	598.2754284	198.2754284				
4520	2	388.2936391	788.2936391				
4520	3	199.3950892	199.3950892				
4520	4	-2.57096312	797.4290369				
4520	5	205.2284993	205.2284993				
4540	1	598.4793567	-1.520643255				
4540	2	387.8188248	987.8188248				
4540	3	199.1211573	-0.878842701				
4540	4	-2.8137631	997.1862369				
4540	5	205.3224458	5.322445758				
4560	1	398.7356841	-1.264315893				
4560	2	188.0772557	988.0772557				
4560	3	-0.905771928	-0.905771928				
4560	4	197.2964803	997.2964803				
4560	5	405.1498448	5.149844829				
4580	1	399.1013214	199.1013214				
4580	2	188.2221188	788.2221188				
4580	3	-0.963438789	199.0365612				
4580	4	196.8904635	796.8904635				
4580	5	405.0986829	205.0986829				
4600	1	399.06405	399.06405				
4600	2	188.3797042	588.3797042				
4600	3	-0.946492777	399.0535072				
4600	4	196.8423388	596.8423388				
4600	5	405.5587434	405.5587434				
4620	1	399.4884588	599.4884588				
4620	2	188.1299381	388.1299381				
4620	3	-0.83771073	599.1622893				
4620	4	197.3329951	397.3329951				
4620	5	405.968169	605.968169				
4640	1	399.6034721	799.6034721				
4640	2	187.7947285	187.7947285				
4640	3	-1.057199841	798.9428002				
4640	4	196.9348392	196.9348392				
4640	5	406.3784929	806.3784929				
4660	1	399.8797635	999.8797635				
4660	2	187.336029	-12.66397102				
4660	3	-1.199894561	998.8001054				
4660	4	196.5807001	-3.419299909				
4660	5	406.726686	1006.726686				
4680	1	200.260194	1000.260194				
4680	2	-12.16931399	-12.16931399				
4680	3	199.0500912	999.0500912				
4680	4	396.5667394	-3.433260574				
4680	5	607.0458409	1007.045841				
4700	1	200.7372276	800.7372276				
4700	2	-11.85541027	188.1445897				
4700	3	199.1788252	799.1788252				
4700	4	396.9720875	196.9720875				
4700	5	606.6714484	806.6714484				
4720	1	200.497841	600.497841				
4720	2	-11.79507805	388.204922				
4720	3	198.9347767	598.9347767				
4720	4	397.4071931	397.4071931				
4720	5	606.2382524	606.2382524				
4740	1	200.1745722	400.1745722				
4740	2	-11.65915435	588.3408456				
4740	3	199.196625	399.196625				
4740	4	397.1538545	597.1538545				
4740	5	606.1191862	406.1191862				
4760	1	199.96464	199.96464				
4760	2	-12.0340633	787.9659367				
4760	3	198.7579672	198.7579672				
4760	4	397.4798526	797.4798526				
4760	5	605.9740851	205.9740851				
4780	1	199.9937849	-0.006215103				
4780	2	-12.34399315	987.6560069				
4780	3	199.0768954	-0.923104616				
4780	4	397.8166565	997.8166565				
4780	5	606.4388877	6.438887746				
4800	1	0.431408349	0.431408349				
4800	2	187.9672673	987.9672673				
4800	3	399.3895488	-0.610451161				
4800	4	597.6124274	997.6124274				
4800	5	806.576366	6.576366037				
4820	1	0.655304622	200.6553046				
4820	2	188.2360498	788.2360498				
4820	3	399.6819379	199.6819379				
4820	4	597.6766022	797.6766022				
4820	5	806.2940907	206.2940907				
4840	1	0.404867665	400.4048677				
4840	2	188.2608576	588.2608576				
4840	3	399.5489802	399.5489802				
4840	4	597.3443986	597.3443986				
4840	5	806.277348	406.277348				
4860	1	-0.043463856	599.9565361				
4860	2	188.1569529	388.1569529				
4860	3	399.1632154	599.1632154				
4860	4	597.7854852	397.7854852				
4860	5	806.3709338	606.3709338				
4880	1	0.337051031	800.337051				
4880	2	188.5354987	188.5354987				
4880	3	399.281285	799.281285				
4880	4	597.6753876	197.6753876				
4880	5	806.4682568	806.4682568				
4900	1	0.060563604	1000.060564				
4900	2	188.0371021	-11.96289788				
4900	3	399.2723367	999.2723367				
4900	4	597.7772264	-2.222773578				
4900	5	806.7605598	1006.76056				
4920	1	200.1900307	1000.190031				
4920	2	387.6521468	-12.34785323				
4920	3	599.4749783	999.4749783				
4920	4	797.8277896	-2.172210372				
4920	5	1007.179394	1007.179394				
4940	1	200.2874113	800.2874113				
4940	2	387.8398287	187.8398287				
4940	3	599.0447445	799.0447445				
4940	4	797.8886504	197.8886504				
4940	5	1006.953032	806.9530324				
4960	1	200.2787444	600.2787444				
4960	2	387.7380774	387.7380774				
4960	3	599.4107889	599.4107889				
4960	4	797.6601461	397.6601461				
4960	5	1007.190327	607.190327				
4980	1	199.9460731	399.9460731				
4980	2	388.0257126	588.0257126				
4980	3	599.1940951	399.1940951				
4980	4	797.6562921	597.6562921				
4980	5	1007.320565	407.3205647				
5000	1	200.0415705	200.0415705				
5000	2	387.9601879	787.9601879				
5000	3	598.8785117	198.8785117				
5000	4	797.7049492	797.7049492				
5000	5	1007.406113	207.4061133				
5020	1	200.4829943	0.482994349				
5020	2	388.3310573	988.3310573				
5020	3	599.0842651	-0.915734889				
5020	4	797.6774421	997.6774421				
5020	5	1007.266368	7.266367595				
5040	1	400.3966359	0.396635898				
5040	2	588.5650866	988.5650866				
5040	3	799.4138837	-0.586116323				
5040	4	997.8976089	997.8976089				
5040	5	807.3953491	7.395349071				
5060	1	400.5427038	200.5427038				
5060	2	588.0720161	788.0720161				
5060	3	799.2018542	199.2018542				
5060	4	997.6421886	797.6421886				
5060	5	807.5326621	207.5326621				
5080	1	400.0624864	400.0624864				
5080	2	588.0487331	588.0487331				
5080	3	799.3888813	399.3888813				
5080	4	997.8003824	597.8003824				
5080	5	807.6860077	407.6860077				
5100	1	399.7322255	599.7322255				
5100	2	588.3250438	388.3250438				
5100	3	798.9129667	598.9129667				
5100	4	998.0912581	398.0912581				
5100	5	807.4278709	607.4278709				
5120	1	400.2229132	800.2229132				
5120	2	588.6685515	188.6685515				
5120	3	798.6848328	798.6848328				
5120	4	998.3944669	198.3944669				
5120	5	807.6483312	807.6483312				
5140	1	400.0167779	1000.016778				
5140	2	588.2502034	-11.74979662				
5140	3	798.7616476	998.7616476				
5140	4	998.8842837	-1.115716266				
5140	5	807.7443058	1007.744306				
5160	1	600.1719991	1000.171999				
5160	2	788.7334647	-11.26653526				
5160	3	999.1331532	999.1331532				
5160	4	798.6468701	-1.353129896				
5160	5	607.309274	1007.309274				
5180	1	600.6094437	800.6094437				
5180	2	788.4764763	188.4764763				
5180	3	999.1457642	799.1457642				
5180	4	798.6532067	198.6532067				
5180	5	607.1354409	807.1354409				
5200	1	600.4741967	600.4741967				
5200	2	788.3926609	388.3926609				
5200	3	998.7003441	598.7003441				
5200	4	798.7487991	398.7487991				
5200	5	607.0475153	607.0475153				
5220	1	600.1613176	400.1613176				
5220	2	788.3531424	588.3531424				
5220	3	998.9101725	398.9101725				
5220	4	799.053364	599.053364				
5220	5	606.7893603	406.7893603				
5240	1	599.8422613	199.8422613				
5240	2	788.060151	788.060151				
5240	3	998.9602868	198.9602868				
5240	4	799.0233585	799.0233585				
5240	5	606.8677049	206.8677049				
5260	1	599.8602237	-0.139776341				
5260	2	787.9775594	987.9775594				
5260	3	999.4287397	-0.571260283				
5260	4	799.4829551	999.4829551				
5260	5	607.0845097	7.084509693				
5280	1	800.1154559	0.115455909				
5280	2	988.1228185	988.1228185				
5280	3	798.9627015	-1.037298489				
5280	4	599.3525922	999.3525922				
5280	5	406.7893775	6.789377537				
5300	1	800.4199334	200.4199334				
5300	2	988.0622102	788.0622102				
5300	3	798.8395097	198.8395097				
5300	4	598.8798943	798.8798943				
5300	5	406.9690889	206.9690889				
5320	1	799.9982172	399.9982172				
5320	2	988.1675415	588.1675415				
5320	3	798.736028	398.736028				
5320	4	598.8241154	598.8241154				
5320	5	406.5963106	406.5963106				
5340	1	800.3669362	600.3669362				
5340	2	988.0499209	388.0499209				
5340	3	798.6178229	598.6178229				
5340	4	599.1222732	399.1222732				
5340	5	407.0487082	607.0487082				
5360	1	800.0848916	800.0848916				
5360	2	987.9309414	187.9309414				
5360	3	798.6931594	798.6931594				
5360	4	599.5653069	199.5653069				
5360	5	407.4170765	807.4170765				
5380	1	799.9918857	999.9918857				
5380	2	988.1831338	-11.81686623				
5380	3	798.9273631	998.9273631				
5380	4	599.749637	-0.250363014				
5380	5	407.7408887	1007.740889				
5400	1	1000.15047	1000.15047				
5400	2	788.0033986	-11.99660143				
5400	3	599.092238	999.092238				
5400	4	400.239856	0.239856037				
5400	5	207.7167104	1007.71671				
5420	1	999.9229375	799.9229375				
5420	2	788.355327	188.355327				
5420	3	599.592176	799.592176				
5420	4	400.2961272	200.2961272				
5420	5	208.1037617	808.1037617				
5440	1	1000.326483	600.3264833				
5440	2	788.235935	388.235935				
5440	3	599.3772998	599.3772998				
5440	4	400.5233387	400.5233387				
5440	5	207.6367748	607.6367748				
5460	1	999.9773763	399.9773763				
5460	2	788.043717	588.043717				
5460	3	599.2665896	399.2665896				
5460	4	400.4790055	600.4790055				
5460	5	207.8994343	407.8994343				
5480	1	999.9464944	199.9464944				
5480	2	787.907942	787.907942				
5480	3	599.3142632	199.3142632				
5480	4	400.4976269	800.4976269				
5480	5	207.8477652	207.8477652				
5500	1	999.8712653	-0.128734659				
5500	2	787.504639	987.504639				
5500	3	599.0373735	-0.962626479				
5500	4	400.9026086	1000.902609				
5500	5	207.4696834	7.469683425				
5520	1	799.6563315	-0.34366853				
5520	2	587.8612425	987.8612425				
5520	3	399.1618675	-0.838132469				
5520	4	200.429015	1000.429015				
5520	5	7.964556628	7.964556628				
5540	1	799.7024377	199.7024377				
5540	2	587.9692525	787.9692525				
5540	3	399.0624787	199.0624787				
5540	4	200.7753629	800.7753629				
5540	5	7.534997084	207.5349971				
5560	1	799.7441196	399.7441196				
5560	2	587.9010606	587.9010606				
5560	3	399.5044756	399.5044756				
5560	4	200.3387269	600.3387269				
5560	5	8.002717758	408.0027178				
5580	1	800.0919775	600.0919775				
5580	2	588.3243853	388.3243853				
5580	3	399.3084746	599.3084746				
5580	4	200.5680724	400.5680724				
5580	5	7.792647622	607.7926476				
5600	1	800.4277095	800.4277095				
5600	2	587.9977853	187.9977853				
5600	3	399.2335829	799.2335829				
5600	4	200.6673275	200.6673275				
5600	5	8.252068654	808.2520687				
5620	1	800.009981	1000.009981				
5620	2	587.7850826	-12.21491738				
5620	3	399.1407682	999.1407682				
5620	4	200.6818864	0.681886415				
5620	5	7.798234705	1007.798235				
5640	1	600.3919738	1000.391974				
5640	2	388.0850564	-11.91494358				
5640	3	198.9604604	998.9604604				
5640	4	0.947027485	0.947027485				
5640	5	208.1356485	1008.135648				
5660	1	600.4401229	800.4401229				
5660	2	388.2884172	188.2884172				
5660	3	199.2789886	799.2789886				
5660	4	1.353222993	201.353223				
5660	5	207.9965933	807.9965933				
5680	1	600.2685858	600.2685858				
5680	2	388.2789126	388.2789126				
5680	3	199.4953617	599.4953617				
5680	4	1.27440988	401.2744099				
5680	5	208.4326138	608.4326138				
5700	1	599.8893794	399.8893794				
5700	2	388.1151689	588.1151689				
5700	3	199.3916179	399.3916179				
5700	4	0.846366822	600.8463668				
5700	5	208.4627115	408.4627115				
5720	1	600.1856062	200.1856062				
5720	2	388.4068269	788.4068269				
5720	3	199.8600183	199.8600183				
5720	4	0.646653067	800.6466531				
5720	5	208.1066754	208.1066754				
5740	1	600.6291729	0.629172934				
5740	2	388.420616	988.420616				
5740	3	199.933142	-0.066857955				
5740	4	0.93568997	1000.93569				
5740	5	207.9390334	7.939033425				
5760	1	401.0444346	1.044434634				
5760	2	188.6117095	988.6117095				
5760	3	0.425861813	0.425861813				
5760	4	200.7234692	1000.723469				
5760	5	408.3227977	8.322797676				
5780	1	400.8853449	200.8853449				
5780	2	188.1787332	788.1787332				
5780	3	0.812449557	200.8124496				
5780	4	200.8350073	800.8350073				
5780	5	407.9939282	207.9939282				
5800	1	400.9181289	400.9181289				
5800	2	188.0034413	588.0034413				
5800	3	1.166399713	401.1663997				
5800	4	201.2163904	601.2163904				
5800	5	408.1011633	408.1011633				
5820	1	400.8474997	600.8474997				
5820	2	188.2321774	388.2321774				
5820	3	0.691065354	600.6910654				
5820	4	201.6462906	401.6462906				
5820	5	408.3352025	608.3352025				
5840	1	400.5376604	800.5376604				
5840	2	188.7066402	188.7066402				
5840	3	0.606502212	800.6065022				
5840	4	201.86428	201.86428				
5840	5	408.0933959	808.0933959				
5860	1	400.503956	1000.503956				
5860	2	188.8625277	-11.13747225				
5860	3	0.179610313	1000.17961				
5860	4	201.8924851	1.892485064				
5860	5	407.7408739	1007.740874				
5880	1	200.532654	1000.532654				
5880	2	-11.34190481	-11.34190481				
5880	3	200.2442096	1000.24421				
5880	4	401.7807127	1.78071273				
5880	5	607.8656903	1007.86569				
5900	1	200.510312	800.510312				
5900	2	-10.85961297	189.140387				
5900	3	200.5136557	800.5136557				
5900	4	401.5573713	201.5573713				
5900	5	608.0749073	808.0749073				
5920	1	200.6941743	600.6941743				
5920	2	-11.34929314	388.6507069				
5920	3	200.6705009	600.6705009				
5920	4	401.4866375	401.4866375				
5920	5	607.9015026	607.9015026				
5940	1	200.4950733	400.4950733				
5940	2	-10.85022724	589.1497728				
5940	3	200.2171067	400.2171067				
5940	4	401.9618372	601.9618372				
5940	5	607.6499167	407.6499167				
5960	1	200.5717148	200.5717148				
5960	2	-11.29104158	788.7089584				
5960	3	200.6377733	200.6377733				
5960	4	402.0187959	802.0187959				
5960	5	607.3823096	207.3823096				
5980	1	200.7913268	0.791326836				
5980	2	-11.40995135	988.5900486				
5980	3	201.1219962	1.121996234				
5980	4	401.5737268	1001.573727				
5980	5	607.1622663	7.162266251				
6000	1	1.17242068	1.17242068				
6000	2	188.2857301	988.2857301				
6000	3	401.0157991	1.015799098				
6000	4	601.3147516	1001.314752				
6000	5	807.645473	7.645473029				
6020	1	1.095293737	201.0952937				
6020	2	188.3329329	788.3329329				
6020	3	400.5934164	200.5934164				
6020	4	601.0124196	801.0124196				
6020	5	807.2362785	207.2362785				
6040	1	1.192439758	401.1924398				
6040	2	187.8403298	587.8403298				
6040	3	400.2183348	400.2183348				
6040	4	601.2189078	601.2189078				
6040	5	807.447881	407.447881				
6060	1	1.557938521	601.5579385				
6060	2	187.8394005	387.8394005				
6060	3	400.6768333	600.6768333				
6060	4	601.3047938	401.3047938				
6060	5	807.9050855	607.9050855				
6080	1	1.588721489	801.5887215				
6080	2	188.0026739	188.0026739				
6080	3	400.9875305	800.9875305				
6080	4	601.2960875	201.2960875				
6080	5	807.6417297	807.6417297				
6100	1	1.332957367	1001.332957				
6100	2	187.5170037	-12.48299633				
6100	3	401.4411263	1001.441126				
6100	4	601.1887708	1.188770811				
6100	5	807.9040722	1007.904072				
6120	1	201.1751981	1001.175198				
6120	2	387.9676541	-12.03234592				
6120	3	601.6336568	1001.633657				
6120	4	801.3155126	1.315512604				
6120	5	1007.953141	1007.953141				
6140	1	201.1968441	801.1968441				
6140	2	387.6410923	187.6410923				
6140	3	601.7795559	801.7795559				
6140	4	801.0280391	201.0280391				
6140	5	1007.488985	807.4889849				
6160	1	200.7022014	600.7022014				
6160	2	387.4522484	387.4522484				
6160	3	601.7017888	601.7017888				
6160	4	801.4368498	401.4368498				
6160	5	1007.062408	607.0624079				
6180	1	200.4559818	400.4559818				
6180	2	387.7479869	587.7479869				
6180	3	601.2867993	401.2867993				
6180	4	801.7136062	601.7136062				
6180	5	1006.973404	406.9734038				
6200	1	200.7767617	200.7767617				
6200	2	387.3153113	787.3153113				
6200	3	601.1738988	201.1738988				
6200	4	801.8941371	801.8941371				
6200	5	1006.58432	206.5843201				
6220	1	201.2500721	1.250072096				
6220	2	387.3935252	987.3935252				
6220	3	600.7561432	0.75614323				
6220	4	801.612528	1001.612528				
6220	5	1006.445133	6.445132533				
6240	1	401.5866497	1.586649712				
6240	2	586.9423988	986.9423988				
6240	3	800.4325458	0.432545799				
6240	4	1002.049679	1002.049679				
6240	5	806.039513	6.03951304				
6260	1	401.3734513	201.3734513				
6260	2	586.4504399	786.4504399				
6260	3	800.0672559	200.0672559				
6260	4	1002.363658	802.3636584				
6260	5	805.8330319	205.8330319				
6280	1	401.1461111	401.1461111				
6280	2	586.0315259	586.0315259				
6280	3	799.7965983	399.7965983				
6280	4	1002.21664	602.2166404				
6280	5	805.5758058	405.5758058				
6300	1	401.1334402	601.1334402				
6300	2	586.0077148	386.0077148				
6300	3	800.1971146	600.1971146				
6300	4	1002.638521	402.6385212				
6300	5	805.3052336	605.3052336				
6320	1	401.064485	801.064485				
6320	2	585.9316974	185.9316974				
6320	3	800.2045598	800.2045598				
6320	4	1003.016393	203.0163934				
6320	5	805.4044409	805.4044409				
6340	1	401.3822698	1001.38227				
6340	2	586.2630047	-13.73699534				
6340	3	800.3204384	1000.320438				
6340	4	1002.707236	2.70723629				
6340	5	805.3346524	1005.334652				
6360	1	601.6355629	1001.635563				
6360	2	786.3694641	-13.63053592				
6360	3	1000.777952	1000.777952				
6360	4	803.1886975	3.188697499				
6360	5	605.2105012	1005.210501				
6380	1	602.0740944	802.0740944				
6380	2	786.6759116	186.6759116				
6380	3	1001.213526	801.2135258				
6380	4	803.482925	203.482925				
6380	5	604.9417063	804.9417063				
6400	1	602.3865534	602.3865534				
6400	2	786.6090286	386.6090286				
6400	3	1001.455812	601.4558118				
6400	4	803.8342062	403.8342062				
6400	5	604.4548106	604.4548106				
6420	1	602.322867	402.322867				
6420	2	786.5858925	586.5858925				
6420	3	1001.597679	401.5976789				
6420	4	803.6127979	603.6127979				
6420	5	604.3670487	404.3670487				
6440	1	602.1660783	202.1660783				
6440	2	786.206331	786.206331				
6440	3	1001.111609	201.111609				
6440	4	803.6018383	803.6018383				
6440	5	604.5285452	204.5285452				
6460	1	602.5676062	2.567606208				
6460	2	785.8896501	985.8896501				
6460	3	1000.870669	0.870668989				
6460	4	803.5161605	1003.516161				
6460	5	604.4129333	4.412933336				
6480	1	803.0630736	3.06307363				
6480	2	986.3772912	986.3772912				
6480	3	800.6682238	0.668223751				
6480	4	603.1646025	1003.164603				
6480	5	404.2315939	4.231593855				
6500	1	802.7885635	202.7885635				
6500	2	986.5687953	786.5687953				
6500	3	800.5110577	200.5110577				
6500	4	603.3444186	803.3444186				
6500	5	404.5909598	204.5909598				
6520	1	802.4736676	402.4736676				
6520	2	986.4714485	586.4714485				
6520	3	800.5245102	400.5245102				
6520	4	603.4287343	603.4287343				
6520	5	404.5934581	404.5934581				
6540	1	802.0237229	602.0237229				
6540	2	986.2089181	386.2089181				
6540	3	800.9190282	600.9190282				
6540	4	603.4841196	403.4841196				
6540	5	404.9871842	604.9871842				
6560	1	801.9323448	801.9323448				
6560	2	986.5974781	186.5974781				
6560	3	801.2817467	801.2817467				
6560	4	603.0210844	203.0210844				
6560	5	404.8501099	804.8501099				
6580	1	802.0582801	1002.05828				
6580	2	987.0583346	-12.94166541				
6580	3	801.064594	1001.064594				
6580	4	603.2753701	3.275370135				
6580	5	404.8480753	1004.848075				
6600	1	1002.307453	1002.307453				
6600	2	787.2815162	-12.71848376				
6600	3	600.6380167	1000.638017				
6600	4	402.7819497	2.781949729				
6600	5	205.221358	1005.221358				
6620	1	1001.904887	801.9048867				
6620	2	787.2675269	187.2675269				
6620	3	600.917832	800.917832				
6620	4	402.7461226	202.7461226				
6620	5	204.90053	804.90053				
6640	1	1001.690177	601.6901773				
6640	2	787.5404997	387.5404997				
6640	3	600.5076343	600.5076343				
6640	4	402.3170177	402.3170177				
6640	5	205.1954685	605.1954685				
6660	1	1001.265707	401.2657065				
6660	2	787.6284552	587.6284552				
6660	3	600.3818356	400.3818356				
6660	4	402.4978219	602.4978219				
6660	5	205.0438299	405.0438299				
6680	1	1001.398217	201.3982169				
6680	2	787.1593832	787.1593832				
6680	3	600.4895077	200.4895077				
6680	4	402.5684838	802.5684838				
6680	5	205.082227	205.082227				
6700	1	1001.043552	1.043552193				
6700	2	786.7454137	986.7454137				
6700	3	600.5347251	0.534725103				
6700	4	402.665762	1002.665762				
6700	5	205.533899	5.533899035				
6720	1	801.2688838	1.268883753				
6720	2	586.3641771	986.3641771				
6720	3	400.5000183	0.500018292				
6720	4	202.9973384	1002.997338				
6720	5	5.523906835	5.523906835				
6740	1	801.4187396	201.4187396				
6740	2	586.3011351	786.3011351				
6740	3	400.300771	200.300771				
6740	4	203.0902704	803.0902704				
6740	5	5.183495753	205.1834958				
6760	1	801.8552365	401.8552365				
6760	2	586.5958106	586.5958106				
6760	3	400.2093015	400.2093015				
6760	4	203.4983837	603.4983837				
6760	5	5.064584941	405.0645849				
6780	1	801.8373938	601.8373938				
6780	2	586.7998509	386.7998509				
6780	3	399.8918886	599.8918886				
6780	4	203.4453309	403.4453309				
6780	5	4.971799989	604.9718				
6800	1	801.8885098	801.8885098				
6800	2	586.6250229	186.6250229				
6800	3	400.0885159	800.0885159				
6800	4	203.7275301	203.7275301				
6800	5	4.613188746	804.6131887				
6820	1	801.5225253	1001.522525				
6820	2	586.7853251	-13.21467492				
6820	3	399.7176277	999.7176277				
6820	4	203.4318826	3.43188265				
6820	5	4.275444755	1004.275445				
6840	1	601.0672391	1001.067239				
6840	2	386.7890085	-13.21099148				
6840	3	199.2208887	999.2208887				
6840	4	3.516203626	3.516203626				
6840	5	203.8751769	1003.875177				
6860	1	600.7314623	800.7314623				
6860	2	386.319737	186.319737				
6860	3	198.9048271	798.9048271				
6860	4	3.1316048	203.1316048				
6860	5	203.927171	803.927171				
6880	1	601.0995453	601.0995453				
6880	2	386.1206021	386.1206021				
6880	3	198.7170362	598.7170362				
6880	4	2.802259026	402.802259				
6880	5	204.0313691	604.0313691				
6900	1	600.8288809	400.8288809				
6900	2	386.2918033	586.2918033				
6900	3	199.1788119	399.1788119				
6900	4	2.691001924	602.6910019				
6900	5	203.7344392	403.7344392				
6920	1	601.1790091	201.1790091				
6920	2	386.36516	786.36516				
6920	3	198.8184209	198.8184209				
6920	4	2.780658101	802.7806581				
6920	5	203.3411639	203.3411639				
6940	1	601.2064071	1.206407131				
6940	2	385.8940845	985.8940845				
6940	3	198.9337082	-1.066291783				
6940	4	3.075823559	1003.075824				
6940	5	203.6555763	3.65557626				
6960	1	400.7110092	0.711009227				
6960	2	185.9171377	985.9171377				
6960	3	-1.275815255	-1.275815255				
6960	4	203.5273994	1003.527399				
6960	5	403.1558505	3.155850503				
6980	1	400.5973185	200.5973185				
6980	2	186.0204225	786.0204225				
6980	3	-1.132988062	198.8670119				
6980	4	203.2164647	803.2164647				
6980	5	402.8527124	202.8527124				
7000	1	400.1523911	400.1523911				
7000	2	186.0344898	586.0344898				
7000	3	-1.455521824	398.5444782				
7000	4	202.9344067	602.9344067				
7000	5	402.648593	402.648593				
7020	1	400.3148239	600.3148239				
7020	2	186.3578425	386.3578425				
7020	3	-1.692342634	598.3076574				
7020	4	202.5172205	402.5172205				
7020	5	402.1614391	602.1614391				
7040	1	400.6358185	800.6358185				
7040	2	186.3243185	186.3243185				
7040	3	-1.292412561	798.7075874				
7040	4	202.8343348	202.8343348				
7040	5	401.6632314	801.6632314				
7060	1	401.0100084	1001.010008				
7060	2	186.0562482	-13.9437518				
7060	3	-0.898319386	999.1016806				
7060	4	203.1748539	3.174853904				
7060	5	401.2796401	1001.27964				
7080	1	201.1579658	1001.157966				
7080	2	-13.74993589	-13.74993589				
7080	3	199.2260978	999.2260978				
7080	4	403.2433683	3.243368256				
7080	5	601.6115356	1001.611536				
7100	1	201.3486614	801.3486614				
7100	2	-13.25153361	186.7484664				
7100	3	199.3966091	799.3966091				
7100	4	403.6394729	203.6394729				
7100	5	601.2108891	801.2108891				
7120	1	201.5566362	601.5566362				
7120	2	-13.2720017	386.7279983				
7120	3	199.6130241	599.6130241				
7120	4	403.4341958	403.4341958				
7120	5	601.451157	601.451157				
7140	1	201.1090719	401.1090719				
7140	2	-12.78267218	587.2173278				
7140	3	199.9229369	399.9229369				
7140	4	403.1812214	603.1812214				
7140	5	601.6164187	401.6164187				
7160	1	201.1450739	201.1450739				
7160	2	-12.28795135	787.7120487				
7160	3	199.6398119	199.6398119				
7160	4	403.5865703	803.5865703				
7160	5	601.3643913	201.3643913				
7180	1	201.332039	1.332038981				
7180	2	-12.05050493	987.9494951				
7180	3	199.3219427	-0.678057323				
7180	4	403.4051038	1003.405104				
7180	5	600.9429808	0.942980787				
7200	1	1.478526266	1.478526266				
7200	2	188.4051459	988.4051459				
7200	3	399.3180629	-0.681937086				
7200	4	603.2060846	1003.206085				
7200	5	800.8976111	0.897611114				
